htime=2021-05-17_02:29:19 time=1621186159286 rid=999 feature=PDC1 bigdata=true patternId=disc1 data=b4:a9:4f.2417.-53.9.0.1.0.1693.2.0.0.2.0.ConnectModeState.147462.147460.-1.2.9.0.null.SK_WiFiGIGACB2A.b4:a9:4f:a0:cb:2c.192.168.35.1.192.168.35.16 categoryId=2 
htime=2021-05-18_00:07:48 time=1621264068027 rid=999 feature=PDC1 bigdata=true patternId=disc1 data=b4:a9:4f.2417.-60.9.0.1.0.356.2.0.0.2.0.ConnectModeState.147462.147460.-1.2.9.0.null.SK_WiFiGIGACB2A.b4:a9:4f:a0:cb:2c.192.168.35.1.192.168.35.150 categoryId=2 
htime=2021-05-23_20:31:34 time=1621769494483 rid=999 feature=PDC1 bigdata=true patternId=disc1 data=b4:a9:4f.2427.-58.9.0.6.0.1294.4.0.0.2.0.ConnectModeState.147462.147460.-1.2.9.0.null.SK_WiFiGIGACB2A.b4:a9:4f:a0:cb:2c.192.168.35.1.192.168.35.28 categoryId=4 
